7

0 15 24 33 48 45 57 
15 0 15 27 45 39 51 
24 15 0 15 42 27 39 
33 27 15 0 51 33 48 
48 45 42 51 0 63 57 
45 39 27 33 63 0 15 
57 51 39 48 57 15 0 
